24
48
135
116
138
85
39
95
58
55
91
120
90
175
126
86
40
51
107
99
86
42
37
19
14
37
70
58
36
79
72
66
85
79
79
45
122
63
127
81
5
32
39
70
47
132
78
95
118
75
41
33
103
71
59
63
93
31
128
158
120
76
89
94
122
105
130
97
72
67
45
86
77
80
102
104
38
97
124
78
53
80
10
141
49
60
77
82
82
23
127
73
164
76
64
35
64
93
46
34
53
111
99
87
70
192
78
71
55
138
67
27
29
101
176
121
112
65
30
134
52
62
74
114
119
114
210
146
108
59
108
23
71
68
33
72
93
64
159
81
112
37
147
129
88
18
44
102
65
52
31
56
88
52
121
140
39
121
121
117
37
158
81
131
83
92
91
44
61
61
159
82
61
128
115
123
53
84
74
36
85
102
100
120
153
22
31
31
67
112
78
41
31
104
62
164
110
164
82
39
96
145
132
86
200
40
81
133
93
73
73
57
109
90
68
51
10
57
106
130
74
68
91
79
151
45
82
54
75
95
63
127
78
69
43
43
119
63
73
45
57
70
159
69
76
62
171
29
41
12
56
128
60
81
86
86
81
109
86
97
52
13
86
181
105
105
91
13
170
13
209
30
99
79
64
52
141
83
70
74
84
106
90
50
67
48
98
101
89
74
91
61
39
50
64
90
141
172
52
88
55
72
47
71
66
48
16
142
133
112
80
98
126
84
150
83
11
66
132
188
105
158
64
60
20
77
43
96
72
71
73
18
37
38
134
78
49
108
46
81
46
54
149
107
21
164
107
87
139
82
129
111
101
22
94
31
166
78
58
126
27
119
7
100
82
133
74
26
12
46
42
60
72
40
47
107
89
67
135
42
125
103
66
87
24
76
64
126
47
92
60
29
45
49
84
110
69
83
40
61
152
90
40
123
89
30
105
124
39
94
98
115
74
93
142
38
247
72
40
103
43
115
43
127
44
57
124
58
84
85
70
100
19
51
92
38
53
74
31
169
22
63
44
42
74
84
26
102
33
160
115
29
30
92
190
46
31
139
22
60
51
111
169
23
94
60
67
100
37
52
51
90
102
16
57
73
30
33
35
74
80
63
71
88
65
89
95
99
77
84
129
36
28
159
22
69
86
45
147
106
