2038
1600
1741
1229
1506
2464
1255
1245
1379
1244
1372
1695
2124
1903
1418
1206
1172
1616
1409
1584
1459
1833
1228
1446
1641
1416
1740
1317
1257
987
1223
1321
1931
1664
1659
1285
1499
1037
1471
1409
1763
1541
2791
1619
1492
2032
1485
1723
1596
1888
1072
1767
1353
1695
1588
1082
1351
1724
1431
975
1402
1055
1570
1149
1632
1098
1659
1386
1680
2137
1593
1921
1274
1536
1270
1253
1350
1157
1223
1261
1345
1779
1405
1263
1146
1388
1677
1838
1135
2032
1554
1244
1869
1631
1429
1186
1323
1138
1527
1569
1471
1407
1233
1162
1503
1797
1558
1994
1825
1382
1779
1195
1403
1902
1557
1095
1339
1518
1657
1587
1346
1409
1576
1627
1512
1961
1501
2377
1458
1522
1936
1539
1219
1236
1708
1305
1471
1810
1315
2311
1784
2066
1354
1607
1558
1334
1407
1138
2173
1541
1614
1425
1672
1644
1157
1488
1063
1385
1739
1571
1253
1284
1829
1853
1649
1573
2024
1530
1586
1421
2145
1923
2016
1806
1060
1981
1106
1429
1164
1100
1152
1725
1439
1222
1238
1391
1323
1247
1360
1389
1463
1529
1275
1350
1294
1906
1907
1384
1917
1074
1152
1080
1779
1348
1643
1485
1853
1289
2346
2070
1458
1577
1796
1334
1726
3563
1370
1471
1458
1574
1782
1151
929
1172
1516
1603
2001
1711
1485
2011
1510
1990
2049
1201
1788
1314
1553
1722
1684
1187
1559
1620
1853
1048
1556
1481
1552
1492
1398
1378
1905
1578
1155
1519
1924
1809
1202
1923
1460
1089
1385
1918
2046
1215
1276
1244
1564
1279
1836
1473
1516
1675
1459
2171
1026
1535
1398
1800
1487
1765
1715
2416
1675
1296
1216
2038
2215
1401
1869
1657
2112
1305
1651
1829
1480
1471
1604
1301
1419
1351
1387
1755
1469
1345
1216
1656
1521
1192
1640
1472
2168
1877
1581
1315
1453
1696
1167
1903
1735
1822
1269
1848
1113
1347
1613
1276
1372
1575
1350
1901
2130
1515
1656
1583
1770
1284
1365
1326
1204
1502
1543
1227
1778
1493
1233
3162
1353
1694
1541
1514
1755
1602
1664
1154
1263
1399
1776
1908
1586
1370
1129
1555
1713
1591
2140
1497
1298
1451
2203
1431
1258
1446
1179
1388
1394
1448
1801
1184
1525
1691
1151
1419
1426
1979
1448
1345
1148
1910
1347
2229
1570
1783
1504
1510
1253
1529
1484
1187
1587
1576
1730
1202
1190
1272
1103
1467
1321
1875
1308
1282
1635
1417
1613
1400
1182
1626
1264
1596
908
1339
1649
1650
1608
1499
1134
1272
1340
1461
2143
3237
1600
1478
1084
1593
1270
2554
1011
1367
1431
1804
1212
1736
1407
1471
1510
1713
1873
1481
1460
2371
1414
1299
2326
1369
1240
1229
1779
1273
1644
1646
1202
1487
1288
1444
1795
1732
1431
1378
1106
1065
1194
1095
1463
1542
1525
1440
1567
1933
1876
1242
1336
1977
1512
1264
1711
1587
1390
1799
1316
1722
1981
1418
1575
1385
1693
1192
1528
2075
1239
1425
